000260701
680070090
190004500
820100040
004602900
050003028
009300074
040050036
703018000

409008030
750032018
000500206
800003900
030040075
001207000
008400009
010009040
200710850

429168537
756932418
183574296
847653921
932841675
561297384
378425169
615389742
294716853

000000680
000073009
309000045
490000000
803050902
000000036
960000308
700680000
028000000

///////////////


530070000
600195000
098000060
800060003
400803001
700020006
060000280
000419005
000080079

Solution:

534678912
672195348
198342567
859761423
426853791
713924856
961537284
287419635
345286179

/////////////

090006040
005300008
000070200
001050003
060009070
200084100
003010000
800002500
050400080

Solution

198526347
725341698
346978215
981257463
564139872
237684159
473815926
819762534
652493781